1518113117	1
1518120427	1
1518121086	1
1518121920	1
1518122233	1
1518130228	1
1518131200	1
1518132760	1
1518136209	1
1518147016	1
1518147719	1
1518147974	1
1518149780	1
1518151356	1
1518151778	1
1518151935	1
1518152875	1
1518155506	1
1518155803	1
1518156009	1
1518158872	1
1518159177	1
1518162635	1
1518163724	1
1518164169	1
1518164383	1
1518167915	1
1518168665	1
1518171156	1
1518171412	1
1518175298	1
1518176437	1
1518179944	1
1518183672	1
1518184043	1
1518185461	1
1518186063	1
1518186204	1
1518187210	1
1518187806	1
1518188069	1
1518188697	1
1518188911	1
1518189224	1
1518194885	1
1518195056	1
1518196815	1
1518198340	1
1518199405	1
