1528205309	1
1528217080	1
1528223054	1
1528223328	1
1528229960	1
1528230844	1
1528232782	1
1528235470	1
1528239977	1
1528240744	1
1528244324	1
1528246162	1
1528251402	1
1528251964	1
1528252095	1
1528255809	1
1528256070	1
1528257896	1
1528260171	1
1528264280	1
1528266699	1
1528267168	1
1528267838	1
1528268273	1
1528269768	1
1528271756	1
1528272887	1
1528273190	1
1528273299	1
1528274339	1
1528275237	1
1528275690	1
1528278629	1
1528278918	1
1528279148	1
1528284106	1
1528284163	1
1528285970	1
1528286317	1
1528287737	1
1528288206	1
1528289527	1
1528290699	1
1528294170	1
1528297116	1
1528298056	1
1528299948	1
