1538200555	1
1538201843	1
1538202320	1
1538202965	1
1538203013	1
1538203096	1
1538204789	1
1538207790	1
1538207857	1
1538210257	1
1538210851	1
1538211149	1
1538211727	1
1538213475	1
1538214580	1
1538215967	1
1538218334	1
1538218615	1
1538220140	1
1538221965	1
1538222583	1
1538222625	1
1538226659	1
1538226709	1
1538227277	1
1538227350	1
1538229620	1
1538230404	1
1538231071	1
1538231105	1
1538231527	1
1538233374	1
1538234000	1
1538235692	1
1538235700	1
1538236799	1
1538236823	1
1538236849	1
1538237052	1
1538237425	1
1538237979	1
1538238217	1
1538238514	1
1538242607	1
1538242805	1
1538246319	1
1538251277	1
1538251376	1
1538251608	1
1538253703	1
