1548300155	1
1548300841	1
1548303415	1
1548303878	1
1548304132	1
1548304504	1
1548305352	1
1548305758	1
1548306509	1
1548308851	1
1548309644	1
1548309743	1
1548310451	1
1548310709	1
1548314289	1
1548314685	1
1548314958	1
1548315617	1
1548317571	1
1548319387	1
1548321359	1
1548321995	1
1548322449	1
1548322803	1
1548323033	1
1548323124	1
1548323710	1
1548323801	1
1548325129	1
1548325541	1
1548327661	1
1548327844	1
1548328206	1
1548330491	1
1548332166	1
1548332679	1
1548333404	1
1548335540	1
1548337116	1
1548339237	1
1548339450	1
1548339617	1
1548339856	1
1548340425	1
1548341621	1
1548342074	1
1548342827	1
1548342850	1
1548343189	1
1548343379	1
