1558303032	1
1558303446	1
1558304121	1
1558304980	1
1558305656	1
1558306142	1
1558312660	1
1558312793	1
1558313973	1
1558317974	1
1558322321	1
1558332262	1
1558332775	1
1558337311	1
1558341263	1
1558341271	1
1558341685	1
1558343160	1
1558350348	1
1558351254	1
1558351593	1
1558352906	1
1558352997	1
1558353235	1
1558359679	1
1558359695	1
1558364539	1
1558365809	1
1558367904	1
1558369967	1
1558371047	1
1558371187	1
1558372235	1
1558372250	1
1558373654	1
1558377390	1
1558377994	1
1558379453	1
1558379693	1
1558379743	1
1558381962	1
1558383307	1
1558383679	1
1558384339	1
1558385278	1
1558385377	1
1558385872	1
1558387647	1
1558396119	1
1558396234	1
