1578012381	1
1578031274	1
1578055091	1
1578056818	1
1578059853	1
1578083200	1
1578084810	1
1578086880	1
1578086948	1
1578088928	1
1578089207	1
1578092011	1
1578092292	1
1578093753	1
1578093852	1
1578115598	1
1578115820	1
1578116380	1
1578118287	1
1578121844	1
1578123360	1
1578124517	1
1578129573	1
1578500773	1
1578501144	1
1578501995	1
1578502670	1
1578505673	1
1578506721	1
1578512208	1
1578514691	1
1578518387	1
1578524872	1
1578526208	1
1578527818	1
1578529061	1
1578531786	1
1578532024	1
1578533899	1
1578533915	1
1578542262	1
1578543591	1
1578545703	1
1578546552	1
1578550182	1
1578551503	1
1578552311	1
1578554085	1
1578556825	1
1578559282	1
