1609900901	1
1609903335	1
1609903806	1
1609904879	1
1609906791	1
1609909787	1
1609912286	1
1609914019	1
1609914209	1
1609914266	1
1609914415	1
1609915115	1
1609919083	1
1609920040	1
1609921980	1
1609925080	1
1609925304	1
1609925791	1
1609925940	1
1609927375	1
1609928209	1
1609928563	1
1609929322	1
1609930924	1
1609933928	1
1609934827	1
1609935097	1
1609935758	1
1609936061	1
1609936145	1
1609936764	1
1609938034	1
1609938596	1
1609941350	1
1609941863	1
1609941954	1
1609943109	1
1609944339	1
1609945989	1
1609946284	1
1609946441	1
1609948066	1
1609948363	1
1609951375	1
1609952050	1
1609952902	1
1609955038	1
1609955798	1
1609959022	1
1609959675	1
