1619901501	1
1619902921	1
1619911187	1
1619911328	1
1619911864	1
1619912896	1
1619914512	1
1619917515	1
1619917911	1
1619918687	1
1619921459	1
1619921533	1
1619921939	1
1619924669	1
1619925039	1
1619925864	1
1619925955	1
1619931151	1
1619933314	1
1619934197	1
1619934510	1
1619934791	1
1619937240	1
1619937711	1
1619937828	1
1619938370	1
1619940004	1
1619944402	1
1619947314	1
1619947868	1
1619948221	1
1619949328	1
1619949377	1
1619950573	1
1619952314	1
1619952850	1
1619953320	1
1619962925	1
1619967551	1
1619967676	1
1619967692	1
1619967791	1
1619968211	1
1619968344	1
1619970522	1
1619970605	1
1619975406	1
1619976354	1
1619978087	1
1619981396	1
