1730202037	1
1730203696	1
1730204876	1
1730205121	1
1730208174	1
1730210980	1
1730211939	1
1730212382	1
1730213000	1
1730213760	1
1730214404	1
1730216599	1
1730217191	1
1730220476	1
1730222415	1
1730223157	1
1730223231	1
1730226119	1
1730228339	1
1730230111	1
1730230335	1
1730231721	1
1730232315	1
1730233206	1
1730233917	1
1730234311	1
1730235268	1
1730237181	1
1730238650	1
1730240037	1
1730240722	1
1730240961	1
1730241142	1
1730241183	1
1730242215	1
1730242900	1
1730244112	1
1730244732	1
1730247008	1
1730247222	1
1730247297	1
1730248527	1
1730250036	1
1730250564	1
1730250846	1
1730252305	1
1730255134	1
1730255183	1
1730256454	1
1730257486	1
