1881700763	1
1881700995	1
1881702371	1
1881702421	1
1881702694	1
1881703742	1
1881704617	1
1881707677	1
1881710259	1
1881710945	1
1881711513	1
1881717478	1
1881718922	1
1881720548	1
1881721595	1
1881722395	1
1881723120	1
1881723211	1
1881723716	1
1881724821	1
1881724987	1
1881728202	1
1881728970	1
1881729523	1
1881729812	1
1881730364	1
1881730935	1
1881731875	1
1881733061	1
1881734903	1
1881735454	1
1881736353	1
1881737567	1
1881740801	1
1881741643	1
1881741882	1
1881742245	1
1881742310	1
1881743680	1
1881744100	1
1881745024	1
1881745396	1
1881746469	1
1881747640	1
1881750511	1
1881750883	1
1881751519	1
1881752079	1
1881754067	1
1881754679	1
