1356402077	1
1356402556	1
1356403372	1
1356403760	1
1356403836	1
1356406128	1
1356407092	1
1356409577	1
1356409890	1
1356410039	1
1356410922	1
1356411805	1
1356412043	1
1356412902	1
1356413512	1
1356414106	1
1356414270	1
1356414452	1
1356416135	1
1356417687	1
1356419055	1
1356421937	1
1356421994	1
1356422919	1
1356425151	1
1356425391	1
1356426332	1
1356427025	1
1356427942	1
1356428031	1
1356428510	1
1356428965	1
1356429393	1
1356429641	1
1356431118	1
1356433346	1
1356436323	1
1356439160	1
1356440150	1
1356441000	1
1356442958	1
1356443295	1
1356443303	1
1356443907	1
1356444384	1
1356446330	1
1356447767	1
1356448401	1
1356451256	1
1356451470	1
