1558507616	1
1558517961	1
1558521260	1
1558525204	1
1558527812	1
1558529149	1
1558540450	1
1558548800	1
1558550624	1
1558550707	1
1558550954	1
1558552497	1
1558552539	1
1558553156	1
1558558551	1
1558559450	1
1558561845	1
1558564229	1
1558564997	1
1558567396	1
1558567586	1
1558567743	1
1558568352	1
1558570341	1
1558571570	1
1558571588	1
1558574483	1
1558576405	1
1558577080	1
1558578203	1
1558578252	1
1558578658	1
1558580787	1
1558581439	1
1558584045	1
1558584318	1
1558586040	1
1558586248	1
1558586446	1
1558586636	1
1558586743	1
1558587907	1
1558588459	1
1558588848	1
1558589556	1
1558589580	1
1558589721	1
