1609801752	1
1609802297	1
1609803279	1
1609804244	1
1609810795	1
1609816644	1
1609816891	1
1609817790	1
1609818186	1
1609825546	1
1609825611	1
1609831783	1
1609834035	1
1609836352	1
1609837277	1
1609841451	1
1609844760	1
1609848464	1
1609849850	1
1609850361	1
1609851286	1
1609853241	1
1609853365	1
1609855204	1
1609856251	1
1609856343	1
1609858356	1
1609858430	1
1609860139	1
1609864610	1
1609865062	1
1609865229	1
1609865278	1
1609865286	1
1609865567	1
1609873165	1
1609874361	1
1609875020	1
1609876572	1
1609881416	1
1609887991	1
1609893304	1
1609894823	1
1609895648	1
1609897032	1
1609898477	1
1609899798	1
