1699800755	1
1699802280	1
1699802439	1
1699802975	1
1699804567	1
1699804971	1
1699806612	1
1699808857	1
1699808899	1
1699809723	1
1699810911	1
1699811182	1
1699811315	1
1699811539	1
1699813022	1
1699813261	1
1699813782	1
1699813881	1
1699818328	1
1699820746	1
1699820928	1
1699821082	1
1699821256	1
1699821496	1
1699823948	1
1699824276	1
1699824540	1
1699824789	1
1699825612	1
1699826677	1
1699827519	1
1699827980	1
1699828301	1
1699830265	1
1699832055	1
1699832410	1
1699833277	1
1699833541	1
1699834150	1
1699835165	1
1699836262	1
1699839928	1
1699841270	1
1699841908	1
1699843334	1
1699844902	1
1699845834	1
1699845941	1
1699845966	1
1699849075	1
