1700805652	1
1700806841	1
1700807328	1
1700809282	1
1700811692	1
1700812195	1
1700816618	1
1700816634	1
1700818440	1
1700819356	1
1700826393	1
1700826799	1
1700827391	1
1700830999	1
1700832458	1
1700832714	1
1700835899	1
1700836103	1
1700840386	1
1700840865	1
1700843430	1
1700844891	1
1700845658	1
1700854858	1
1700858453	1
1700858701	1
1700861150	1
1700864584	1
1700865276	1
1700866308	1
1700866530	1
1700866910	1
1700867264	1
1700867769	1
1700867967	1
1700868445	1
1700869138	1
1700869591	1
1700870045	1
1700872975	1
1700874005	1
1700875077	1
1700875671	1
1700876778	1
1700881281	1
1700881588	1
1700885027	1
1700885621	1
1700890944	1
1700892155	1
