1881602159	1
1881602183	1
1881602399	1
1881603777	1
1881604981	1
1881604999	1
1881605186	1
1881608479	1
1881608792	1
1881612968	1
1881613560	1
1881614220	1
1881615284	1
1881615425	1
1881615912	1
1881617918	1
1881618296	1
1881618783	1
1881622165	1
1881629194	1
1881633139	1
1881638484	1
1881638799	1
1881639201	1
1881642338	1
1881642478	1
1881643682	1
1881650190	1
1881650372	1
1881652220	1
1881655538	1
1881658169	1
1881664696	1
1881665370	1
1881671758	1
1881672673	1
1881675981	1
1881676351	1
1881679769	1
1881684462	1
1881684751	1
1881685725	1
1881687283	1
1881690139	1
1881698140	1
