12008500	1
12008501B	1
12008503A	1
12008504A	1
12008506A	1
12008509	1
12008511	1
12008514	1
12008516A	1
12008517	1
12008518A	1
12008521A	1
12008524A	1
12008527	1
12008529A	1
12008530	1
12008533A	1
12008539	1
12008540A	1
12008541A	1
12008544A	1
12008545	1
12008546	1
12008547	1
12008549A	1
12008553A	1
12008556A	1
12008558A	1
12008560B	1
12008563A	1
12008566A	1
12008571	1
12008572A	1
12008573	1
12008577	1
12008581	1
12008582A	1
12008583A	1
12008585B	1
12008586A	1
12008587	1
12008588A	1
12008590B	1
12008591	1
12008593	1
12008594A	1
12008596	1
