12007000	1
12007003A	1
12007007A	1
12007008A	1
12007013	1
12007014A	1
12007022A	1
12007024A	1
12007033B	1
12007035A	1
12007036A	1
12007037	1
12007040A	1
12007044A	1
12007046B	1
12007050A	1
12007054A	1
12007056A	1
12007059A	1
12007063	1
12007064A	1
12007066A	1
12007067	1
12007071	1
12007075A	1
12007081A	1
12007092	1
12007094	1
12007095A	1
12007097	1
12007098A	1
12007103A	1
12007104	1
12007105	1
12007109	1
12007111	1
12007113A	1
12007114	1
12007134	1
12007139A	1
12007140	1
12007142A	1
12007146A	1
12007148A	1
12007149	1
12007150	1
12007151	1
12007152	1
12007153	1
12007155	1
