12008600A	1
12008602B	1
12008604	1
12008605A	1
12008607A	1
12008608A	1
12008609A	1
12008611A	1
12008612A	1
12008617A	1
12008618A	1
12008619A	1
12008621	1
12008622	1
12008623A	1
12008629A	1
12008630B	1
12008633A	1
12008634	1
12008640	1
12008644A	1
12008646	1
12008648B	1
12008649A	1
12008651A	1
12008654	1
12008655	1
12008658	1
12008659	1
12008660	1
12008664	1
12008665A	1
12008668	1
12008674	1
12008676	1
12008677	1
12008679	1
12008680A	1
12008681	1
12008682A	1
12008684A	1
12008686	1
12008687	1
12008688	1
12008689	1
12008692	1
12008693	1
12008694B	1
12008695	1
12008696	1
