2901021900	1
2901021902	1
2901021903	1
2901021904	1
2901021906	1
2901021909	1
2901021910	1
2901021911	1
2901021912	1
2901021913	1
2901021914	1
2901021915	1
2901021916	1
2901021917	1
2901021919	1
2901021921	1
2901021922	1
2901021923	1
2901021924	1
2901021925	1
2901021926	1
2901021930	1
2901021931	1
2901021932	1
2901021933	1
2901021934	1
2901021935	1
2901021936	1
2901021937	1
2901021938	1
2901021939	1
2901021940	1
2901021941	1
2901021944	1
2901021945	1
2901021946	1
2901021947	1
2901021948	1
2901021949	1
2901021950	1
2901021953	1
2901021955	1
2901021957	1
2901021958	1
2901021959	1
2901021961	1
2901021962	1
2901021964	1
2901021965	1
2901021966	1
