2901020200	1
2901020201	1
2901020204	1
2901020206	1
2901020207	1
2901020209	1
2901020210	1
2901020211	1
2901020212	1
2901020213	1
2901020214	1
2901020216	1
2901020217	1
2901020218	1
2901020221	1
2901020222	1
2901020223	1
2901020224	1
2901020225	1
2901020231	1
2901020232	1
2901020234	1
2901020237	1
2901020239	1
2901020240	1
2901020243	1
2901020244	1
2901020245	1
2901020249	1
2901020250	1
2901020251	1
2901020252	1
2901020257	1
2901020258	1
2901020259	1
2901020260	1
2901020262	1
2901020264	1
2901020266	1
2901020270	1
2901020271	1
2901020272	1
2901020275	1
2901020276	1
2901020277	1
2901020278	1
2901020279	1
2901020280	1
2901020285	1
2901020288	1
