2901021800	1
2901021804	1
2901021805	1
2901021806	1
2901021812	1
2901021813	1
2901021815	1
2901021817	1
2901021823	1
2901021826	1
2901021828	1
2901021829	1
2901021832	1
2901021833	1
2901021834	1
2901021839	1
290102184	1
2901021840	1
2901021841	1
2901021842	1
2901021846	1
2901021847	1
2901021848	1
2901021849	1
2901021850	1
2901021851	1
2901021853	1
2901021854	1
2901021856	1
2901021858	1
2901021859	1
2901021861	1
2901021862	1
2901021863	1
2901021864	1
2901021865	1
2901021866	1
2901021868	1
2901021869	1
2901021870	1
2901021871	1
2901021872	1
2901021876	1
2901021877	1
2901021878	1
2901021879	1
2901021882	1
2901021885	1
2901021886	1
2901021887	1
