2901020101	1
2901020104	1
2901020105	1
2901020107	1
2901020109	1
2901020110	1
2901020112	1
2901020117	1
2901020120	1
2901020124	1
2901020125	1
2901020128	1
2901020129	1
2901020134	1
2901020135	1
2901020139	1
2901020144	1
2901020145	1
2901020146	1
2901020148	1
2901020149	1
2901020150	1
2901020159	1
2901020160	1
2901020162	1
2901020163	1
2901020168	1
2901020171	1
2901020172	1
2901020176	1
2901020177	1
2901020178	1
2901020179	1
2901020180	1
2901020181	1
2901020182	1
2901020183	1
2901020184	1
2901020185	1
2901020187	1
2901020188	1
2901020189	1
2901020190	1
2901020193	1
2901020194	1
2901020195	1
2901020197	1
2901020198	1
2901020199	1
