2901600110	1
2901600112	1
2901600113	1
2901600114	1
2901600115	1
2901600116	1
2901600118	1
2901600120	1
2901600122	1
2901600123	1
2901600124	1
2901600125	1
2901600126	1
2901600128	1
2901600129	1
2901600130	1
2901600131	1
2901600132	1
2901600133	1
2901600135	1
2901600136	1
2901600138	1
2901600139	1
2901600140	1
2901600141	1
2901600142	1
2901600145	1
2901600146	1
2901600147	1
2901600148	1
2901600153	1
2901600154	1
2901600158	1
2901600159	1
2901600160	1
2901600162	1
2901600163	1
2901600164	1
2901600165	1
2901600166	1
2901600167	1
2901600168	1
2901600170	1
2901600172	1
2901600174	1
2901600176	1
2901600177	1
2901600179	1
2901600180	1
2901600181	1
