2901017001	1
2901017002	1
2901017013	1
2901017015	1
2901017016	1
2901017017	1
2901017022	1
2901017024	1
2901017025	1
2901017026	1
2901017034	1
2901017035	1
2901017036	1
2901017043	1
2901017047	1
2901017048	1
2901017050	1
2901017052	1
2901017054	1
2901017059	1
2901017067	1
2901017069	1
2901017071	1
2901017072	1
2901017073	1
2901017077	1
2901017079	1
2901017082	1
2901017091	1
2901017100	1
2901017101	1
2901017102	1
2901017103	1
2901017111	1
2901017116	1
2901017122	1
2901017126	1
2901017128	1
2901017131	1
2901017135	1
2901017138	1
2901017144	1
2901017157	1
2901017162	1
2901017163	1
2901017167	1
2901017168	1
2901017170	1
2901017182	1
2901017183	1
