2901021200	1
2901021201	1
2901021202	1
2901021205	1
2901021206	1
2901021207	1
2901021210	1
2901021211	1
2901021212	1
2901021213	1
2901021215	1
2901021216	1
2901021217	1
2901021218	1
2901021219	1
2901021220	1
2901021221	1
2901021222	1
2901021223	1
2901021224	1
2901021225	1
2901021228	1
2901021230	1
2901021231	1
2901021232	1
2901021233	1
2901021234	1
2901021235	1
2901021236	1
2901021238	1
2901021239	1
2901021240	1
2901021241	1
2901021242	1
2901021243	1
2901021244	1
2901021246	1
2901021248	1
2901021249	1
2901021250	1
2901021251	1
2901021253	1
2901021254	1
2901021255	1
2901021256	1
2901021257	1
2901021258	1
2901021259	1
2901021260	1
2901021261	1
