2901019102	1
2901019111	1
2901019112	1
2901019115	1
2901019116	1
2901019118	1
2901019119	1
2901019121	1
2901019122	1
2901019123	1
2901019128	1
2901019129	1
2901019130	1
2901019131	1
2901019132	1
2901019134	1
2901019135	1
2901019136	1
2901019139	1
2901019142	1
2901019145	1
2901019147	1
2901019148	1
2901019149	1
2901019150	1
2901019151	1
2901019153	1
2901019154	1
2901019156	1
2901019157	1
2901019158	1
2901019162	1
2901019164	1
2901019166	1
2901019167	1
2901019169	1
2901019172	1
2901019175	1
2901019177	1
2901019178	1
2901019180	1
2901019181	1
2901019185	1
2901019188	1
2901019189	1
2901019195	1
2901019197	1
2901019199	1
