2901018802	1
2901018803	1
2901018806	1
2901018809	1
2901018813	1
2901018814	1
2901018817	1
2901018823	1
2901018824	1
2901018826	1
2901018827	1
2901018828	1
2901018831	1
2901018834	1
2901018837	1
2901018838	1
2901018842	1
2901018843	1
2901018846	1
2901018847	1
2901018848	1
2901018850	1
2901018852	1
2901018853	1
2901018854	1
2901018855	1
2901018860	1
2901018861	1
2901018865	1
2901018868	1
2901018869	1
2901018872	1
2901018875	1
2901018879	1
2901018880	1
2901018881	1
2901018882	1
2901018884	1
2901018885_1602343	1
2901018887	1
2901018889	1
2901018892	1
2901018893	1
2901018896	1
2901018897	1
2901018898	1
