2901020700	1
2901020701	1
2901020702	1
2901020705	1
2901020707	1
2901020708	1
2901020714	1
2901020715	1
2901020716	1
2901020719	1
2901020721	1
2901020723	1
2901020724	1
2901020725	1
2901020726	1
2901020727	1
2901020728	1
2901020729	1
2901020730	1
2901020731	1
2901020732	1
2901020733	1
2901020736	1
2901020737	1
2901020738	1
2901020740	1
2901020744	1
2901020748	1
2901020749	1
2901020750	1
2901020753	1
2901020754	1
2901020755	1
2901020756	1
2901020757	1
2901020759	1
2901020761	1
2901020766	1
2901020769	1
2901020774	1
2901020775	1
2901020776	1
2901020784	1
2901020786	1
2901020795	1
2901020798	1
