290102303	1
2901023151	1
2901023155	1
2901023156	1
2901023161	1
2901023162	1
2901023163	1
2901023164	1
2901023168	1
2901023173	1
2901023175	1
2901023176	1
2901023180	1
2901023181	1
2901023185	1
2901023186	1
2901023187	1
2901023191	1
2901023192	1
2901023194	1
2901023195	1
2901023197	1
2901023198	1
2901023199	1
2901023201	1
2901023202	1
2901023204	1
2901023205	1
2901023208	1
2901023209	1
2901023210	1
2901023211	1
2901023213	1
2901023214	1
2901023215	1
2901023217	1
2901023218	1
2901023219	1
2901023221	1
2901023222	1
2901023223	1
2901023225	1
