1223G0001X	3
1200	2
12008	2
12009838	2
12009867	2
12009983	2
1201	2
12010606A	2
12023	2
12043	2
1209	2
1210	2
12114	2
12115	2
12145	2
12229	2
122300000X	2
12257	2
12415	2
1252	2
12545	2
12802	2
12945	2
12	1
120-10301	1
1200-8109	1
1200-8221	1
1200-8697A	1
1200-8796	1
1200-8948	1
1200-8982	1
1200-9056	1
1200-9226	1
1200-9583	1
120006944	1
120008816	1
12001	1
120011246A	1
12004356	1
12005117A	1
12005144A	1
12005149A	1
12005251	1
12005290	1
12005334B	1
12005379	1
12005400A	1
12005462	1
12005465A	1
12005484A	1
