1200870	1
12008701	1
12008702	1
12008704	1
12008706	1
12008708A	1
1200871	1
12008711A	1
12008713	1
12008714	1
12008715A	1
12008716A	1
12008719	1
12008721A	1
12008722	1
12008724A	1
12008725	1
12008726B	1
12008727B	1
12008728	1
12008730	1
12008731A	1
12008732A	1
12008734	1
12008735	1
12008736	1
12008738A	1
12008739	1
12008740	1
12008741	1
12008742A	1
12008743	1
12008744A	1
12008747	1
12008748A	1
12008749	1
12008750	1
12008751	1
12008752A	1
12008754	1
12008755A	1
12008756A	1
12008757A	1
12008759	1
12008764A	1
12008767	1
12008768A	1
12008771A	1
12008773	1
12008774	1
