12009604A	1
12009605A	1
12009606A	1
12009608B	1
12009610A	1
12009616	1
12009618	1
12009619	1
12009620	1
12009621A	1
12009622	1
12009623	1
12009624A	1
12009625A	1
12009626	1
12009628A	1
12009630A	1
12009631A	1
12009632	1
12009636	1
12009640	1
12009642A	1
12009644A	1
12009645A	1
12009648A	1
12009651	1
12009652A	1
12009653	1
12009654A	1
12009655A	1
12009656A	1
12009657	1
12009658B	1
12009659	1
12009660	1
12009661	1
12009662	1
12009663B	1
12009664	1
12009665	1
12009666	1
12009667A	1
12009669	1
12009671	1
12009672	1
12009673A	1
12009674	1
12009676	1
12009677	1
12009678	1
