12008	2
12008000	1
12008001A	1
12008004_A	1
12008005A	1
12008006A	1
12008007A	1
12008010	1
12008012	1
12008016B	1
12008017	1
12008018	1
12008020A	1
12008023	1
12008026A	1
12008027A	1
12008031	1
12008032	1
12008033A	1
12008036A	1
12008037	1
12008038A	1
12008039A	1
12008040	1
12008041	1
12008042A	1
12008044A	1
12008045A	1
12008046A	1
12008047A	1
12008048A	1
12008049	1
12008055A	1
12008056	1
12008090	1
12008102	1
12008103B	1
12008104A	1
12008112	1
12008116A	1
12008118	1
12008119	1
12008120A	1
12008123A	1
12008125B	1
12008126A	1
12008127	1
12008132A	1
12008133A	1
12008136A	1
