2901022703	1
2901022704	1
2901022705	1
2901022708	1
2901022709	1
2901022710	1
2901022712	1
2901022713	1
2901022714	1
2901022716	1
2901022717	1
2901022721	1
2901022722	1
2901022725	1
2901022730	1
2901022731	1
2901022732	1
2901022734	1
2901022735	1
2901022736	1
2901022738	1
2901022739	1
290102274	1
2901022740	1
2901022741	1
2901022745	1
2901022746	1
2901022748	1
2901022750	1
2901022754	1
2901022756	1
2901022760	1
2901022769	1
2901022770	1
2901022777	1
2901022778	1
2901022782	1
2901022792	1
2901022795	1
2901022796	1
