2901011004	1
2901011007	1
2901011009	1
2901011010	1
2901011022	1
2901011027	1
2901011029	1
2901011032	1
2901011036	1
2901011040	1
2901011041	1
2901011045	1
2901011046	1
2901011050	1
2901011051	1
2901011054	1
2901011056	1
2901011058	1
2901011059	1
2901011063	1
2901011068	1
2901011072	1
2901011077	1
2901011081	1
2901011094	1
2901011102	1
2901011105	1
2901011106	1
2901011108	1
29010111112	1
2901011115	1
2901011120	1
2901011121	1
2901011126	1
2901011135	1
2901011140	1
2901011141	1
2901011146	1
2901011152	1
2901011153	1
2901011158	1
2901011159	1
2901011160	1
2901011161	1
2901011167	1
2901011169	1
2901011173	1
2901011174	1
2901011176	1
2901011180	1
