2901020305	1
2901020309	1
2901020310	1
2901020313	1
2901020314	1
2901020315	1
2901020316	1
2901020317	1
2901020319	1
2901020320	1
2901020327	1
2901020331	1
2901020332	1
2901020335	1
2901020336	1
2901020338	1
2901020339	1
2901020340	1
2901020342	1
2901020343	1
2901020344	1
2901020347	1
2901020348	1
2901020353	1
2901020355	1
2901020359	1
2901020360	1
2901020361	1
2901020364	1
2901020368	1
2901020370	1
2901020371	1
2901020373	1
2901020376	1
2901020377	1
2901020378	1
2901020381	1
2901020383	1
2901020384	1
2901020385	1
2901020386	1
2901020387	1
2901020389	1
2901020391	1
2901020393	1
2901020395	1
2901020396	1
2901020397	1
2901020398	1
2901020399	1
