2901022500	1
2901022505	1
2901022507	1
2901022508	1
2901022511	1
2901022516	1
2901022528	1
2901022534	1
2901022536	1
2901022541	1
2901022556	1
2901022557	1
2901022558	1
2901022559	1
2901022560	1
2901022561	1
2901022562	1
2901022564	1
2901022565	1
2901022566	1
2901022569	1
2901022571	1
2901022573	1
2901022574	1
2901022576	1
2901022577	1
2901022579	1
2901022580	1
2901022582	1
2901022583	1
2901022584	1
2901022585	1
2901022586	1
2901022587	1
2901022588	1
2901022589	1
2901022590	1
2901022591	1
2901022592	1
2901022593	1
2901022597	1
2901022598	1
2901022599	1
