2901012007	1
2901012012	1
2901012015	1
2901012020	1
2901012027	1
2901012036	1
2901012038	1
2901012039	1
2901012050	1
2901012064	1
2901012065	1
2901012073	1
2901012092	1
2901012093	1
2901012096	1
2901012099	1
2901012107	1
2901012111	1
2901012112	1
2901012118	1
2901012123	1
2901012124	1
2901012130	1
2901012133	1
2901012134	1
2901012136	1
2901012140	1
2901012143	1
2901012146	1
2901012149	1
2901012153	1
2901012155	1
2901012156	1
2901012170	1
2901012175	1
2901012178	1
2901012180	1
2901012181	1
2901012189	1
2901012191	1
2901012194	1
2901012197	1
2901012198	1
2901012203	1
2901012204	1
2901012205	1
2901012212	1
2901012218	1
2901012221	1
2901012228	1
