2901017401	1
2901017402	1
2901017403	1
2901017407	1
2901017410	1
2901017411	1
2901017415	1
2901017416	1
2901017417	1
2901017418	1
2901017424	1
2901017425	1
2901017427	1
2901017429	1
2901017430	1
2901017431	1
2901017435	1
2901017437	1
2901017438	1
2901017441	1
2901017444	1
2901017445	1
2901017447	1
2901017450	1
2901017453	1
2901017455	1
2901017458	1
2901017460	1
2901017465	1
2901017466	1
2901017471	1
2901017473	1
2901017475	1
2901017477	1
2901017484	1
2901017487	1
2901017489	1
2901017491	1
2901017492	1
2901017493	1
2901017495	1
2901017498	1
2901017499	1
