3000	2
3002	2
3003	2
3007	2
3009	2
3015	2
3017	2
3018	2
3019	2
3021	2
3038	2
3041	2
3046	2
3056	2
3061	2
3062	2
3072	2
3089	2
3093	2
3096	2
30-01-5078	1
30-018350	1
30-019742	1
30-020831	1
30-021930	1
30-022206	1
30-022226	1
30-022322	1
30-022361	1
30-022398	1
30-022841	1
30-022873	1
30-023711	1
30-023756	1
30-024019	1
30-024185	1
30-024215	1
30-024262	1
30-024320	1
30-024379	1
30-024544	1
30-024648	1
30.013378	1
30.019485	1
30.020525	1
30.021887	1
30.022221	1
30.022431	1
30.022834	1
30.023844	1
